#Stratum Corneum; SCATTERING van Gemert 1989 (Everett)
244.40325843468253  264.4098757596682
252.77733734656346  265.1822704409182
261.1502799581144 264.782529264981
269.5231089396324 264.2664136461422
276.3721916443599 262.3961441618715
287.0258838125394 259.0723250249194
295.3963265633644 256.1754622361859
303.76620116402444  252.75109683530025
310.6136768154281 249.39647509900846
320.5052685851464 245.38663618496372
328.8744614056084 241.4644750686867
337.24365422607036  237.60500419529006
345.6146651270604 235.46863939658306
354.13514497345705  230.8444981637755
362.26974732823703  229.13710520841607
370.72622063960137  227.85941918260406
378.210178687986  226.71621575229213
