#Irradiance(mW/cm^2) SSR 300W 16S from suboptimal sunscreen AYoung
290.0600651910104  0.0000027831348592173156
290.5794686709129  0.000005185004058506957
290.99323998162555  0.000010030676021094266
291.60968833409777  0.000017100831673868485
292.03297506279955  0.000031948422846916186
292.44622252586834  0.00006487676734451244
292.85847923361064  0.00014439672525447633
293.307553320324  0.00027351585169398666
293.7226741081193  0.0004669975747135897
294.2228859740685  0.0008040982695376807
294.5181037301754  0.0013286290866053824
294.93316871680867  0.0022802322652540194
295.55825333426765  0.004072481826398246
296.18334592332127  0.007268064371851971
296.8089965239955  0.01231817325518801
297.52497098526635  0.020625723067255984
298.1811584871812  0.03346094005561609
299.0026398497271  0.05458464991290601
299.7687698759015  0.09098876387444499
300.780237682692  0.15432481538792314
301.93234036107697  0.25376079542726176
303.29530082651803  0.40181314927749817
305.07903963430823  0.6434609469631987
307.2837805067319  1.0207632778440219
309.5947747633231  1.4722744884869328
311.90694301838886  1.9048369061507222
314.2203070126418  2.206267115203967
316.53375796974467  2.534909623279541
318.8473828525475  2.865992537816329
321.1615077717377  3.09375677754475
323.47587183876533  3.2665065775339373
325.7902793872179  3.4350491310053006
328.10483912065797  3.5617590187159167
330.4196597426479  3.605025927273346
332.73421947608796  3.7380058099526354
335.0489748759404  3.8063240746947935
337.3640781271928  3.753080894346375
339.6791161563077  3.7229912779892547
341.99400200043516  3.745535767856046
344.3084530303127  3.922973834506379
346.6232519115902  3.978627205497501
348.9382899407051  3.946729314241877
351.25352363623244  3.8448167462882967
353.56906170173465  3.6414829068634833
355.8835127316122  3.813991655085621
358.19872468642706  3.7229912779892547
360.51348008627957  3.7910351272216967
362.82814852328204  3.891522133628539
365.1432082931094  3.852561867542198
367.4590072471616  3.5617590187159167
369.77448009052637  3.393822255071595
372.08956160106624  3.3530901770969397
374.40514314799344  3.163005235397374
376.72111602774555  2.8775508610442833
379.03767590673493  2.479412218392751
381.3544749335618  2.0895882738094564
383.67231751458826  1.5989019384733787
385.9906166505771  1.1728147685589585
388.3098941186282  0.7857928527723905
390.5247444223611  0.4890032885535289
392.6345305589  0.2998113417677694
394.63930156562947  0.18027919340097845
396.2979373534753  0.11306455554195248
398.3478049456387  0.06761535672249122
399.913361684252  0.055090441835979005
