#absorption Stratum Corneum, van gemert 1989 (Everett) mm-1
236.68743830396375  176.5522101678277
239.69685397458213  153.79533562187726
242.32681161917037  134.57200659677477
249.51036026781443  111.64203765641308
257.89557492292926  116.93105856105952
266.289425460552  126.65985500558689
274.2934681699723 132.36821096406337
280.7472336131831 124.11262799731347
284.13854467403945  108.65933582059897
286.7717313053987 96.2809153718147
289.023689176047  85.10593793874902
291.27481375978664  74.98425291443817
293.91081273446264  67.17383005430264
296.92564476998723  59.76287902665131
300.3211430975596 53.182046833016905
304.40116578842185  47.22160905759743
310.9205753016961 42.50614979979514
319.2743144376702 39.38359011439018
327.78173819327526  36.695964904623665
335.98633791093846  34.413611778556486
344.005487101968  32.35167397257218
352.6999522046687 30.25770375664797
361.0598273624248 28.71297174079102
369.42027067034593  27.307459984924314
377.78196390863 26.097483776137445
386.14365714691405  24.941120844698172
394.5062594254621 23.92053416808118
