#DNA molar extinction (mouret et al) M-1 cm-1
231.55848715890852  2351.945656618252
235.62514912585138  2405.7583172900536
239.83558197041344  2683.5917323271074
243.38877651728774  3341.37394985716
247.08574194178127  4258.34271424101
250.58698566733102  5261.184495162394
254.84936933321765  6322.007569950255
258.9160313001605  6616.093781714107
262.9826932671034  6328.593847347877
267.04935523404623  5838.637297474384
271.1160172009891  5190.271915023596
275.12106307752373  4366.82860174568
278.55344176085254  3573.1128479517215
281.7234641497282  3146.9554793769435
283.3160031018177  2569.835179363393
285.8730708537591  2029.7346138275275
287.38266506876056  1534.612963524114
288.7998351481498  1218.871048826621
290.1049759722513  968.4196105203414
291.6845884718076  759.880719753653
292.74326493427617  590.7161178243957
293.8893242158692  442.1803010656766
294.89982809856406  330.5841102373424
296.07053381632034  256.4385962342677
297.1654043458819  193.34919312915295
298.0299254913019  145.35162879362196
299.42420959425374  106.7369941176107
300.4228703842468  77.98054709958437
301.6017628552741  58.22515021153481
302.8814816560603  44.02318185793033
304.0190094789814  34.52853018420473
306.4682490727083  27.024986702562025
309.7030938191402  21.818867447824953
314.0008161251139  18.972516672946625
318.0674780920567  16.898660295501013
322.1341400589996  15.318564805037841
326.2008020259425  13.94059526263601
330.2674639928854  12.77365184409374
334.3341259598282  11.70439126594846
338.40078792677105  10.714162485565364
342.46744989371393  9.788562237124987
346.5341118606568  8.916748271126007
350.6007738275997  8.122582030390296
354.66743579454254  7.384702208427199
358.7340977614854  6.674607176451023
362.80075972842826  6.092029949272696
366.86742169537115  5.576624812033667
370.93408366231404  5.10981507403603
375.00074562925687  4.691240073637312
379.0674075961997  4.277594549259544
383.1340695631426  3.9118721747350724
387.2007315300855  3.549562415543895
391.26739349702837  3.220809059972689
395.3340554639712  2.9512006347865705
399.0310208884647  2.7066227224534436
