#STRATUM CORNEUM absorption, everett et al, van gemert, mm-1
202.37495751991844 695.9203606698195
204.6627647925084 643.8851778580364
209.23837933768831 537.2819977326808
211.52618661027827 490.4952897882023
217.62700600385153 379.11987801282703
221.05871691273646 331.432255772255
224.4904278216214 285.30894900320135
227.1595363063097 254.93030013494942
230.97254842729296 215.75177012121193
233.26035569988292 192.92923458513454
234.78556054827624 175.0479448958963
237.83597024506287 152.52826087963598
240.50507872975115 133.49576967155073
247.74980175961934 110.83025219957051
256.13842842578254 116.19165199612615
264.5270550919457 125.98083053585194
272.53438054601065 131.77857295162082
279.0165011516822 123.64586863671569
282.44821206056713 108.2862558753658
285.11732054525544 95.97416686835506
287.40512781784537 84.85217015399091
289.6929350904353 74.77588081677447
292.3620435751236 67.00409849920496
295.41245327191024 59.629312363991936
298.8441641807952 53.08097360117225
302.9622172714571 47.151227740634695
309.52059811954837 42.472027732303815
317.90922478571156 39.38757978801608
326.4503719367141 36.73359659168771
334.68647811803794 34.47965524641708
342.73617037344707 32.44205362143837
351.4637314503643 30.37095093396572
359.8523581165275 28.846794820994376
368.2409847826907 27.459847324529687
376.6296114488539 26.267195178451377
385.0182381150171 25.126342997782025
393.4068647811803 24.120320300545934
