#absorption dermis anderson, parrish, van gemert et al (mm-1)
201.6123550957218  523.7849243842309
201.99365630782012  455.55102100744034
204.6627647925084  367.77309899922136
206.1879696409017  307.173270473981
208.47577691349164  251.01463177461702
209.61968054978666  217.44545344786988
211.52618661027827  174.68211722235299
212.67009024657327  160.03780565576838
213.4326926707699  143.78769228525752
215.33919873126155  120.68550184030659
216.4831023675565  106.03273949856253
219.15221085224482  81.3741759117246
220.67741570063814  66.12341161383786
222.9652229732281  53.678512251919415
224.4904278216214  44.61582239551425
227.1595363063097  35.7568532741323
228.30343994260465  29.52056488256356
230.59124721519464  23.817069566123035
232.11645206358793  19.651884913780897
234.40425933617792  16.21622973067139
235.54816297247288  14.605667966993918
238.5985726692595  11.176708424814374
240.88637994184947  9.913626321134704
245.46199448702941  7.888689494521837
248.13110297171767  7.060182633614372
250.41891024430765  6.484735626857757
258.0449344862742  4.976465791349606
262.6205490314541  4.432936794931997
266.05225994033907  4.075351451926168
274.8221878186006  3.3614241834498753
279.7791035758788  3.0563950162491285
291.98074236302534  2.4991645737642134
298.8441641807952  2.2582126023409783
306.47018842276174  2.0234384053142986
314.8588150889249  1.8305384792587887
323.2474417550881  1.6685392191424482
331.63606842125137  1.5276249069799792
340.02469508741456  1.411675335710302
348.41332175357775  1.2953183432994468
356.80194841974094  1.2071127743750791
365.19057508590413  1.1264087164737746
373.5792017520673  1.0576354902683989
381.9678284182305  0.9970260557154398
390.3564550843937  0.9382269390801163
398.7450817505569  0.887991625817934
407.1337084167201  0.8411905647273178
415.5223350828833  0.7933359971867859
423.91096174904646  0.7528557730992135
429.2491787184231  0.7316345735937023
