#absorption Epidermis, (wan et al, van gemert et al) mm-1
204.28146358041005  538.5703337369443
206.56927085300003  479.2598758850812
211.52618661027827  372.0547723342185
214.19529509496658  326.42362230036855
215.72049994335987  304.4568332390592
219.53351206434314  250.65332218497113
221.82131933693313  225.59900463075374
224.10912660952306  202.39084938699324
229.828644790998  149.53872182038987
232.49775327568628  131.09190041485522
237.32756862893177  108.99168780173214
240.6957293358003  97.39277672423992
246.9871993354227  92.71318873557519
255.3758260015859  102.4110051297524
263.7644526677491  100.6447244362615
271.0091756976173  91.16666457229613
275.9660914548956  81.27488364754558
279.3978023637805  71.64821497516263
282.0669108484688  64.04536289568114
284.3547181210588  56.89987657792879
286.6425253936487  51.046388123346375
288.93033266623866  45.795068410571446
291.21813993882864  41.35161219033798
293.88724842351695  36.457104792996844
297.7002605445002  29.90498874707305
300.7506702412868  26.645926992867658
303.8010799380735  23.974418616876846
307.2327908469584  21.618820372154982
311.42710418004  19.285110144437606
316.38401993731827  17.193331601666774
322.10353811879315  15.445017891038198
328.5856587244647  13.937515355960619
336.2116829664312  12.594931235538477
344.6003096325944  11.434650060291549
352.9889362987576  10.4921518408857
361.3775629649208  9.747426496027174
369.76618963108405  9.09171576847967
378.15481629724724  8.536618301640072
386.5434429634105  8.047414210989187
393.025563569082  7.688627538822049
