   9.9009902465461513E-002   3.7531990754172781E-006
   9.8019803440806894E-002   3.9851291278644035E-006
   9.7029704416152274E-002   6.4464413213542640E-006
   9.6039605391497668E-002   9.0548909065877521E-006
   9.5049506366843048E-002   7.6840231085780441E-006
   9.4059407342188428E-002   7.7157380161408467E-006
   9.3069308317533822E-002   9.1693034515300321E-006
   9.2079209292879202E-002   1.0159597037239539E-005
   9.1089110268224582E-002   1.0716020584750537E-005
   9.0099011243569976E-002   1.0652792543828819E-005
   8.9108912218915357E-002   1.5607069734046989E-005
   8.8118813194260737E-002   2.4404535220681264E-005
   8.7128714169606131E-002   2.6213124758247683E-005
   8.6138615144951511E-002   3.0652601833320129E-005
   8.5148516120296891E-002   3.7490138210308095E-005
   8.4158417095642285E-002   4.6216692478274266E-005
   8.3168318070987665E-002   5.0607261010333212E-005
   8.2178219046333045E-002   4.9546366243849399E-005
   8.1188120021678439E-002   5.6294176174579340E-005
   8.0198020997023819E-002   6.4957831523333392E-005
   7.9207921972369200E-002   7.5973712956673353E-005
   7.8217822947714594E-002   8.3971820192840999E-005
   7.7227723923059974E-002   1.0100078662232750E-004
   7.6237624898405368E-002   1.1393749994613631E-004
   7.5247525873750748E-002   1.2550895947453485E-004
   7.4257426849096128E-002   1.2747255423376235E-004
   7.3267327824441522E-002   1.4459671969029215E-004
   7.2277228799786902E-002   1.6934030982050289E-004
   7.1287129775132282E-002   1.9348602635544648E-004
   7.0297030750477676E-002   2.3896928353062290E-004
   6.9306931725823057E-002   2.6774512503928178E-004
   6.8316832701168437E-002   3.0597739193553001E-004
   6.7326733676513831E-002   3.4666867004103682E-004
   6.6336634651859211E-002   3.9459903091647910E-004
   6.5346535627204591E-002   4.2921493514996585E-004
   6.4356436602549985E-002   4.5681085710123659E-004
   6.3366337577895365E-002   5.0699633514404035E-004
   6.2376238553240752E-002   5.7404138993386001E-004
   6.1386139528586132E-002   6.1118144444625977E-004
   6.0396040503931520E-002   7.2943751563147804E-004
   5.9405941479276907E-002   8.2055043999557456E-004
   5.8415842454622287E-002   9.2768616246938467E-004
   5.7425743429967674E-002   1.0319800314721221E-003
   5.6435644405313061E-002   1.1643538987502007E-003
   5.5445545380658448E-002   1.3028872206007904E-003
   5.4455446356003828E-002   1.4649126695273063E-003
   5.3465347331349215E-002   1.6386230101807758E-003
   5.2475248306694602E-002   1.8350233055153152E-003
   5.1485149282039983E-002   2.0371313783278701E-003
   5.0495050257385370E-002   2.3219625094668857E-003
   4.9504951232730757E-002   2.6448873351024682E-003
   4.8514852208076137E-002   2.9457229333338586E-003
   4.7524753183421524E-002   3.2580382791751895E-003
   4.6534654158766911E-002   3.6845077972479513E-003
   4.5544555134112291E-002   4.1268525109164249E-003
   4.4554456109457678E-002   4.7099177763823422E-003
   4.3564357084803065E-002   5.2664389138863971E-003
   4.2574258060148445E-002   5.9680564200056451E-003
   4.1584159035493833E-002   6.7719749509233323E-003
   4.0594060010839220E-002   7.6420513754740862E-003
   3.9603960986184600E-002   8.5416332932903953E-003
   3.8613861961529987E-002   9.6536894322604219E-003
   3.7623762936875374E-002   1.0888969588396498E-002
   3.6633663912220761E-002   1.2251575667974839E-002
   3.5643564887566141E-002   1.3860568268521627E-002
   3.4653465862911528E-002   1.5545546124173568E-002
   3.3663366838256915E-002   1.7574128666327796E-002
   3.2673267813602296E-002   1.9718934215612032E-002
   3.1683168788947683E-002   2.2086379694857057E-002
   3.0693069764293066E-002   2.4737264598832250E-002
   2.9702970739638453E-002   2.7862044255560853E-002
   2.8712871714983837E-002   3.1246758408688374E-002
   2.7722772690329224E-002   3.5052433213246637E-002
   2.6732673665674608E-002   3.9249235640514975E-002
   2.5742574641019991E-002   4.4025218118036495E-002
   2.4752475616365378E-002   4.9754404456788019E-002
   2.3762376591710762E-002   5.6064639299622868E-002
   2.2772277567056146E-002   6.3212433418034383E-002
   2.1782178542401533E-002   7.0954364093949632E-002
   2.0792079517746916E-002   7.9770164193669377E-002
   1.9801980493092300E-002   8.9729700771213880E-002
   1.8811881468437687E-002  0.10092009195224115     
   1.7821782443783071E-002  0.11359810536395290     
   1.6831683419128458E-002  0.12792271928934726     
   1.5841584394473841E-002  0.14392025128129526     
   1.4851485369819227E-002  0.16189928427197761     
   1.3861386345164612E-002  0.18271008149885468     
   1.2871287320509996E-002  0.20538430908557534     
   1.1881188295855381E-002  0.23038530548036870     
   1.0891089271200766E-002  0.25831429311022530     
   9.9009902465461500E-003  0.28665450132141340     
   8.9108912218915353E-003  0.31326799396309646     
   7.9207921972369207E-003  0.34906499893929144     
   6.9306931725823060E-003  0.39510471857525814     
   5.9405941479276905E-003  0.46553819805246816     
   4.9504951232730750E-003  0.56768737117772294     
   3.9603960986184603E-003  0.68580660590434617     
   2.9702970739638452E-003  0.82209551922386614     
   1.9801980493092302E-003  0.95256019396251790     
   9.9009902465461508E-004   1.0801963549515561     
   0.0000000000000000        1.9517404712651150     
