   280.00000000000000        2612.6431318277801        2208.1007200894073        2208.1007200894073        2208.1007200894073        1684.5530361714052        1250.6848069190848        560.21837261509529        1249.0498951384620        560.21837261509529        21.684178137918423       0.70120000628866241     
   281.00000000000000        2609.5232564977232        2098.2035862118883        2098.2035862118883        2098.2035862118883        1674.8180086335697        1229.6083957158648        533.85927714360741        1214.5615683587662        533.85927714360741        21.407825629261275       0.70149000629409208     
   282.00000000000000        2606.4033811676663        1988.3064523343692        1988.3064523343692        1988.3064523343692        1666.6730117922989        1184.0410859073324        507.01126654266500        1179.7086324660190        507.01126654266500        21.132915421247947       0.70178000629952164     
   283.00000000000000        2603.2835058376099        1878.4093184568499        1878.4093184568499        1878.4093184568499        1658.6160577764044        1138.4737760988000        480.13008759764881        1144.9445027097754        480.13008759764881        20.791433985690468       0.70207000630495131     
   284.00000000000000        2600.1636305075535        1768.5121845793310        1768.5121845793310        1768.5121845793310        1650.5591037605104        1092.9064662902674        452.13950627346492        1109.1906652728730        452.13950627346492        20.451342085410918       0.70236000631038087     
   285.00000000000000        2597.0437551774967        1658.6150507018119        1658.6150507018119        1658.6150507018119        1642.5021497446162        1046.0969646135625        422.33627224920156        1071.7416404804651        422.33627224920156        20.099629698574841       0.70265000631581054     
   286.00000000000000        2593.9238798474398        1586.3906728594538        1586.3906728594538        1586.3906728594538        1634.4451957287217        999.08768581286267        393.21804582217237        1035.0929084168906        393.21804582217237        19.749256363448946       0.70294000632124010     
   287.00000000000000        2590.8040045173834        1514.4781681303607        1514.4781681303607        1514.4781681303607        1626.3882417128275        951.48168820872127        369.14679779938734        1003.6043075671810        369.14679779938734        19.285778225780057       0.70323000632666965     
   288.00000000000000        2587.3520057172614        1442.5656634012680        1442.5656634012680        1442.5656634012680        1618.3312876969333        901.85830235981757        345.04534744316373        972.19657154871254        345.04534744316373        18.823590824389285       0.70352000633209932     
   289.00000000000000        2583.8911818696242        1359.2442746632614        1359.2442746632614        1359.2442746632614        1610.0414826842919        852.23491651091376        323.24786479358056        943.20183025455322        323.24786479358056        18.479115795547159       0.70381000633752899     
   290.00000000000000        2580.4303580219876        1268.5396193492668        1268.5396193492668        1268.5396193492668        1601.1187866631185        807.16171722673391        301.77638247928235        914.64012051888949        301.77638247928235        18.135885248422550       0.70410000634295855     
   291.00000000000000        2576.9695341743504        1181.8896685842981        1181.8896685842981        1181.8896685842981        1592.1960906419449        762.19892353054297        282.48989925303465        888.36848853986237        282.48989925303465        17.739289949928526       0.70439000634838811     
   292.00000000000000        2573.5087103267138        1096.6875000797952        1096.6875000797952        1096.6875000797952        1583.2733946207713        728.35537667265385        264.57743730470293        863.57404611144102        264.57743730470293        17.343894838195784       0.70468000635381778     
   293.00000000000000        2570.0478864790766        1031.4484535759020        1031.4484535759020        1031.4484535759020        1574.3506985995975        698.72553639134048        247.02746924897360        839.24339656065399        247.02746924897360        16.767376061231790       0.70497000635924734     
   294.00000000000000        2566.5870626314399        969.21923203357710        969.21923203357710        969.21923203357710        1565.4280025784240        669.54593145115257        230.15959378484143        815.69430938623077        230.15959378484143        16.192015040033898       0.70526000636467701     
   295.00000000000000        2563.1262387838028        915.84008671182960        915.84008671182960        915.84008671182960        1556.5053065572506        644.96429326923703        213.26515642668028        792.21633999754022        213.26515642668028        15.657212177981830       0.70555000637010656     
   296.00000000000000        2559.2848142363159        867.86734123793644        867.86734123793644        867.86734123793644        1547.5826105360770        620.38265508732161        197.18555041979388        769.64912966581778        197.18555041979388        15.123526414294414       0.70584000637553623     
   297.00000000000000        2555.1935159023892        824.76635314838563        824.76635314838563        824.76635314838563        1538.6599145149034        596.18770785613549        181.40248069508260        747.47266854145050        181.40248069508260        14.619867529135650       0.70613000638096579     
   298.00000000000000        2551.1022175684625        790.02139641616668        790.02139641616668        790.02139641616668        1530.0697112001258        576.80665812862946        165.59424821749994        725.36357909115145        165.59424821749994        14.117286773118316       0.70642000638639546     
   299.00000000000000        2547.0109192345358        755.27643968394773        755.27643968394773        755.27643968394773        1521.8830290646220        557.42560840112344        149.76129979338566        703.32066501929876        149.76129979338566        13.787316510826006       0.70671000639182502     
   300.00000000000000        2542.9196209006086        720.53148295172889        720.53148295172889        720.53148295172889        1513.6963469291184        538.04455867361753        140.35248032099415        687.79116265697598        140.35248032099415        13.458387015864302       0.70700000639725469     
   301.00000000000000        2538.8283225666819        711.04376053295152        711.04376053295152        711.04376053295152        1505.5096647936145        521.90315994246805        131.13359989355973        672.53930722729899        131.13359989355973        13.238355429388418       0.70729000640268425     
   302.00000000000000        2534.7370242327552        702.02646769223918        702.02646769223918        702.02646769223918        1497.3229826581110        507.29432507307206        121.89128849759993        657.35018672899696        121.89128849759993        13.019328779446585       0.70758000640811392     
   303.00000000000000        2530.6457258988285        693.00917485152672        693.00917485152672        693.00917485152672        1489.1363005226074        492.68549020367607        114.49848228691917        644.09522741800743        114.49848228691917        12.868705236848811       0.70787000641354347     
   304.00000000000000        2526.3655730321407        683.99188201081427        683.99188201081427        683.99188201081427        1480.9496183871036        478.07665533428013        107.17589033616505        630.99365979025220        107.17589033616505        12.719052258709350       0.70816000641897303     
   305.00000000000000        2521.4665096296967        674.97458917010192        674.97458917010192        674.97458917010192        1472.7629362516000        467.88474995206445        99.831073824102646        617.95159701510261        99.831073824102646        12.642027635987402       0.70845000642440270     
   306.00000000000000        2516.5674462272527        665.95729632938946        665.95729632938946        665.95729632938946        1465.2557165202315        460.65179542113475        94.269307394412266        606.77289556670303        94.269307394412266        12.565940595934389       0.70874000642983237     
   307.00000000000000        2511.6683828248088        659.53099536093850        659.53099536093850        659.53099536093850        1457.8681529650803        453.41884089020510        88.811303161678637        595.77687852020085        88.811303161678637        12.529001522762670       0.70903000643526193     
   308.00000000000000        2506.7693194223648        655.37448378135105        655.37448378135105        655.37448378135105        1450.4805894099291        446.18588635927546        83.332207713894547        584.83733186361746        83.332207713894547        12.492968375951955       0.70932000644069149     
   309.00000000000000        2501.8702560199208        651.21797220176381        651.21797220176381        651.21797220176381        1443.0930258547778        438.95293182834575        78.542074572211135        574.66297628551047        78.542074572211135        12.468213406759356       0.70961000644612116     
   310.00000000000000        2496.9711926174768        647.06146062217636        647.06146062217636        647.06146062217636        1435.7054622996268        431.71997729741605        74.345160481032906        565.15676281097535        74.345160481032906        12.444333971711480       0.70990000645155071     
   311.00000000000000        2492.3986797500274        642.90494904258912        642.90494904258912        642.90494904258912        1428.3178987444753        424.76461494125977        70.128220535014577        555.70416729199974        70.128220535014577        12.524256462961002       0.71019000645698038     
   312.00000000000000        2488.3448944671368        638.74843746300166        638.74843746300166        638.74843746300166        1420.9303351893241        421.02669634627023        65.891595565525080        546.30427717422174        65.891595565525080        12.605025302055420       0.71048000646240994     
   313.00000000000000        2484.2911091842461        634.59192588341432        634.59192588341432        634.59192588341432        1413.5427716341728        417.28877775128069        62.153451758991679        537.47403051199740        62.153451758991679        12.703194555376271       0.71077000646783961     
   314.00000000000000        2480.2373239013555        630.43541430382697        630.43541430382697        630.43541430382697        1406.1552080790216        413.55085915629115        59.244461741376256        529.54289646554560        59.244461741376256        12.802182121010555       0.71106000647326917     
   315.00000000000000        2476.1835386184648        627.22538028250358        627.22538028250358        627.22538028250358        1398.7676445238706        409.81294056130162        56.316768625890063        521.66183877680612        56.316768625890063        12.913712386165646       0.71135000647869884     
   316.00000000000000        2472.1297533355737        624.77879698344100        624.77879698344100        624.77879698344100        1391.3800809687191        406.07502196631208        53.370686716702579        513.83001591630978        53.370686716702579        13.026034026574566       0.71164000648412840     
   317.00000000000000        2468.0759680526830        622.33221368437830        622.33221368437830        622.33221368437830        1383.9925174135681        402.33710337132254        50.406524064884678        506.04660309686221        50.406524064884678        13.128226988279849       0.71193000648955806     
   318.00000000000000        2464.0221827697924        619.88563038531561        619.88563038531561        619.88563038531561        1376.4580630538037        398.59918477633300        47.968345387236567        498.85455466426424        47.968345387236567        13.231185437042047       0.71222000649498762     
   319.00000000000000        2459.9683974869013        617.43904708625303        617.43904708625303        617.43904708625303        1368.8567013135416        394.86126618134341        46.148920452259006        492.34555196891586        46.148920452259006        13.343414640647588       0.71251000650041729     
   320.00000000000000        2455.9146122040106        614.99246378719033        614.99246378719033        614.99246378719033        1361.2553395732798        391.54334952344669        44.312302826773887        485.88258161141033        44.312302826773887        13.456384444900117       0.71280000650584685     
   321.00000000000000        2451.5478391916390        612.54588048812775        612.54588048812775        612.54588048812775        1353.6539778330177        388.38419666239895        42.458776948708632        479.46488202724629        42.458776948708632        13.587482001004052       0.71309000651127641     
   322.00000000000000        2446.8614121963287        610.09929718906517        610.09929718906517        610.09929718906517        1346.0526160927557        385.22504380135115        40.588621684634660        473.09170656887471        40.588621684634660        13.719296228445630       0.71338000651670608     
   323.00000000000000        2442.1749852010184        607.65271389000247        607.65271389000247        607.65271389000247        1338.4512543524938        382.06589094030340        38.702110455744503        466.76232316840299        38.702110455744503        13.860073651464077       0.71367000652213564     
   324.00000000000000        2437.4885582057086        605.69715618771295        605.69715618771295        605.69715618771295        1330.8498926122318        378.90673807925572        37.376978365477626        461.05348101381492        37.376978365477626        14.001544731179166       0.71396000652756531     
   325.00000000000000        2432.8021312103979        603.85792092534962        603.85792092534962        603.85792092534962        1323.2485308719697        375.74758521820797        36.199453292251661        455.55044120182561        36.199453292251661        14.144737050762748       0.71425000653299486     
   326.00000000000000        2428.1157042150876        602.01868566298640        602.01868566298640        602.01868566298640        1315.9889288740055        372.58843235716023        35.006361057429316        450.08908147716988        35.006361057429316        14.288600886765551       0.71454000653842453     
   327.00000000000000        2423.4292772197773        600.17945040062318        600.17945040062318        600.17945040062318        1309.4365056607385        369.42927949611249        33.797954497283271        444.66872488677200        33.797954497283271        14.430996026550424       0.71483000654385409     
   328.00000000000000        2418.7428502244670        598.34021513825985        598.34021513825985        598.34021513825985        1302.8840824474717        366.35248899696961        32.574481585988579        439.28870749551368        32.574481585988579        14.574041378544527       0.71512000654928376     
   329.00000000000000        2414.0658268181792        596.50097987589663        596.50097987589663        596.50097987589663        1296.3316592342048        363.57069195066924        31.336185543564596        433.94837809722713        31.336185543564596        14.701262244078974       0.71541000655471332     
   330.00000000000000        2409.4543057836054        594.66174461353341        594.66174461353341        594.66174461353341        1289.7792360209378        360.78889490436899        30.275314602534365        428.83910759438902        30.275314602534365        14.829112817280972       0.71570000656014299     
   331.00000000000000        2404.8427847490311        592.82250935117008        592.82250935117008        592.82250935117008        1283.2268128076707        358.00709785806868        29.580122434354280        424.14828904728938        29.580122434354280        14.946156773038965       0.71599000656557255     
   332.00000000000000        2400.2312637144573        591.48153540290969        591.48153540290969        591.48153540290969        1276.6743895944039        355.22530081176842        28.870809309316840        419.49527846610613        28.870809309316840        15.063810696984362       0.71628000657100221     
   333.00000000000000        2395.6197426798831        590.77026165079997        590.77026165079997        590.77026165079997        1270.0968565388027        352.44350376546805        28.147600457065792        414.87947281276035        28.147600457065792        15.146591336231229       0.71657000657643177     
   334.00000000000000        2391.0082216453093        590.05898789869025        590.05898789869025        590.05898789869025        1263.4925313347846        349.66170671916780        27.410716853562761        410.30028043813729        27.410716853562761        15.229962936334063       0.71686000658186133     
   335.00000000000000        2386.3967006107350        589.34771414658042        589.34771414658042        589.34771414658042        1256.8882061307665        346.87990967286748        26.660375313836283        405.75712083375640        26.660375313836283        15.296932529611370       0.71715000658729100     
   336.00000000000000        2381.7851795761608        588.63644039447070        588.63644039447070        588.63644039447070        1250.2838809267487        344.10098889935307        25.896788582439768        401.24942438957578        25.896788582439768        15.364474777250663       0.71744000659272067     
   337.00000000000000        2377.1736585415870        587.92516664236098        587.92516664236098        587.92516664236098        1243.6795557227306        341.52972135355049        25.120165421681037        396.77663215776397        25.120165421681037        15.438865278459602       0.71773000659815023     
   338.00000000000000        2374.1197727104095        587.21389289025115        587.21389289025115        587.21389289025115        1237.0752305187125        338.95845380774796        24.617086609332318        392.62457153391921        24.617086609332318        15.513810798577419       0.71802000660357979     
   339.00000000000000        2371.5676737775862        586.50261913814143        586.50261913814143        586.50261913814143        1230.4709053146944        336.38718626194537        24.196960580038436        388.60191158973794        24.196960580038436        15.578343842841049       0.71831000660900945     
   340.00000000000000        2369.0155748447623        585.79134538603171        585.79134538603171        585.79134538603171        1223.8665801106763        333.81591871614285        23.764401364978866        384.61254071147533        23.764401364978866        15.643414913237770       0.71860000661443901     
   341.00000000000000        2366.4634759119390        585.08007163392199        585.08007163392199        585.08007163392199        1217.2622549066584        331.24465117034026        23.319602637317274        380.65594035152571        23.319602637317274        15.679930461223460       0.71889000661986868     
   342.00000000000000        2363.9113769791156        584.36879788181227        584.36879788181227        584.36879788181227        1210.6579297026403        328.67338362453779        22.862754497777928        376.73160152726285        22.862754497777928        15.716967658236433       0.71918000662529824     
   343.00000000000000        2361.3592780462923        583.65752412970244        583.65752412970244        583.65752412970244        1204.0536044986222        326.10211607873521        22.394043550730245        372.83902461732902        22.394043550730245        15.748961171620980       0.71947000663072791     
   344.00000000000000        2358.8071791134685        582.94625037759272        582.94625037759272        582.94625037759272        1197.4492792946044        323.53084853293268        21.913652978437099        368.97771916283955        21.913652978437099        15.781460546873541       0.71976000663615747     
   345.00000000000000        2356.2550801806451        582.20113794703809        582.20113794703809        582.20113794703809        1190.8253016118013        321.12156030613386        21.421762613516464        365.14720367337134        21.421762613516464        15.732967368857281       0.72005000664158714     
   346.00000000000000        2352.5951468688113        581.42287798144469        581.42287798144469        581.42287798144469        1183.9309413394608        318.71316578020287        21.024047323060003        361.45250375100181        21.024047323060003        15.684964830988758       0.72034000664701670     
   347.00000000000000        2347.1680567093726        580.64461801585139        580.64461801585139        580.64461801585139        1177.0365810671201        316.30477125427194        20.772463669834778        357.94493849765377        20.772463669834778        15.640146303539066       0.72063000665244636     
   348.00000000000000        2341.7409665499340        579.86635805025810        579.86635805025810        579.86635805025810        1170.1422207947794        313.89637672834095        20.509900322782286        354.46677067779302        20.509900322782286        15.595803736600095       0.72092000665787592     
   349.00000000000000        2336.3138763904949        579.08809808466469        579.08809808466469        579.08809808466469        1163.2478605224387        311.48798220240997        20.236524406475709        351.01755282598026        20.236524406475709        15.546216805718709       0.72121000666330559     
   350.00000000000000        2330.8867862310562        578.30983811907129        578.30983811907129        578.30983811907129        1156.3535002500980        309.07958767647904        19.952500032983437        347.59684554256620        19.952500032983437        15.497091675530026       0.72150000666873515     
   351.00000000000000        2325.4596960716176        577.53157815347788        577.53157815347788        577.53157815347788        1149.4591399777576        306.67119315054811        19.657988364571054        344.20421732581173        19.657988364571054        15.443487343591819       0.72179000667416471     
   352.00000000000000        2320.0326059121790        576.75331818788459        576.75331818788459        576.75331818788459        1142.5647797054169        304.26279862461712        19.353147674923974        340.83924440796761        19.353147674923974        15.390331151117632       0.72208000667959438     
   353.00000000000000        2314.6055157527403        576.09053654526667        576.09053654526667        576.09053654526667        1135.6704194330764        302.02261130174588        19.038133408930491        337.50151059520948        19.038133408930491        15.345043583291870       0.72237000668502405     
   354.00000000000000        2309.1784255933017        576.16947423663146        576.16947423663146        576.16947423663146        1128.7760591607357        300.17481813892124        18.725112881765114        334.20262175202970        18.725112881765114        15.300190972042117       0.72266000669045360     
   355.00000000000000        2306.6297148117633        576.24841192799613        576.24841192799613        576.24841192799613        1121.8816988883950        298.32702497609660        18.628316962272734        331.15625727495063        18.628316962272734        15.225279288335560       0.72295000669588316     
   356.00000000000000        2304.5307886677510        576.32734961936092        576.32734961936092        576.32734961936092        1115.3081437863773        296.47923181327195        18.521797405332421        328.13592722010850        18.521797405332421        15.150789837339488       0.72324000670131283     
   357.00000000000000        2302.4318625237383        576.40628731072547        576.40628731072547        576.40628731072547        1109.6561438860658        294.63143865044725        18.405698910975204        325.14124416235256        18.405698910975204        14.990135763560291       0.72353000670674239     
   358.00000000000000        2300.3329363797257        576.48522500209026        576.48522500209026        576.48522500209026        1104.0041439857546        292.78364548762261        18.280163629036380        322.17182750451894        18.280163629036380        14.829891639213145       0.72382000671217206     
   359.00000000000000        2298.2340102357130        576.56416269345505        576.56416269345505        576.56416269345505        1098.3521440854431        290.93585232479791        18.145331211056174        319.22730333847056        18.145331211056174        14.692956144025400       0.72411000671760162     
   360.00000000000000        2296.1350840917003        576.64310038481972        576.64310038481972        576.64310038481972        1092.7001441851316        289.08805916197326        18.001338860982955        316.30730430934227        18.001338860982955        14.556418737980794       0.72440000672303129     
   361.00000000000000        2294.0361579476876        576.72203807618439        576.72203807618439        576.72203807618439        1087.0481442848202        287.24026599914856        17.848321384710374        313.41146948290805        17.848321384710374        14.440529467527231       0.72469000672846084     
   362.00000000000000        2291.9372318036749        576.80104470204151        576.80104470204151        576.80104470204151        1081.4224790368601        285.54915086856874        17.686411238478300        310.53944421599090        17.686411238478300        14.325026832115187       0.72498000673389051     
   363.00000000000000        2290.2677155043957        576.88007296658157        576.88007296658157        576.88007296658157        1075.8144519521550        283.86800585735261        17.590715727069750        307.76585718073926        17.590715727069750        14.210892074129406       0.72527000673932007     
   364.00000000000000        2288.7568184924048        576.95910123112151        576.95910123112151        576.95910123112151        1070.2064248674499        282.18686084613643        17.519093288870792        305.04809647973497        17.519093288870792        14.097132887223896       0.72556000674474974     
   365.00000000000000        2287.2459214804139        577.03812949566145        577.03812949566145        577.03812949566145        1064.5983977827448        280.50571583492030        17.438961919080981        302.35311790311658        17.438961919080981        14.025034597532136       0.72585000675017930     
   366.00000000000000        2285.7350244684235        577.11715776020139        577.11715776020139        577.11715776020139        1058.9903706980397        278.82457082370411        17.350445137611544        299.68059073415981        17.350445137611544        13.953301189770247       0.72614000675560897     
   367.00000000000000        2284.2241274564326        577.19618602474145        577.19618602474145        577.19618602474145        1053.3823436133346        277.14342581248798        17.253664340671790        297.03018994221770        17.253664340671790        13.897093353748751       0.72643000676103853     
   368.00000000000000        2282.7132304444417        577.27521428928139        577.27521428928139        577.27521428928139        1047.7743165286297        275.46228080127185        17.148738842935941        294.40159606982138        17.148738842935941        13.841240070669734       0.72672000676646809     
   369.00000000000000        2281.2023334324513        577.35424255382134        577.35424255382134        577.35424255382134        1042.1662894439246        273.78113579005566        17.035785918761107        291.79449512232145        17.035785918761107        13.851489825257509       0.72701000677189775     
   370.00000000000000        2279.6914364204604        577.59590407947655        577.59590407947655        577.59590407947655        1036.5582623592195        272.23570433319412        16.914920842480385        289.20857846000615        16.914920842480385        13.862084149963357       0.72730000677732742     
   371.00000000000000        2278.1759833033138        578.09466648755438        578.09466648755438        578.09466648755438        1030.9502352745144        270.78865745607720        16.827595477162831        286.68488124200280        16.827595477162831        13.980270166199078       0.72759000678275698     
   372.00000000000000        2276.6484447696648        578.59342889563220        578.59342889563220        578.59342889563220        1025.3422081898093        269.34161057896029        16.812454350471370        284.26163836051103        16.812454350471370        14.098791102507370       0.72788000678818654     
   373.00000000000000        2275.1209062360163        579.09219130371002        579.09219130371002        579.09219130371002        1019.7341811051042        267.89456370184337        16.789735284065500        281.85868493173348        16.789735284065500        14.222732179453134       0.72817000679361621     
   374.00000000000000        2273.5933677023672        579.59095371178785        579.59095371178785        579.59095371178785        1014.1261540203992        266.44751682472645        16.759545937409428        279.47573270428666        16.759545937409428        14.346998846406450       0.72846000679904577     
   375.00000000000000        2272.0658291687182        580.08971611986567        580.08971611986567        580.08971611986567        1008.5181269356941        265.00046994760953        16.721992158322209        277.11249827735173        16.721992158322209        14.481298962040341       0.72875000680447544     
   376.00000000000000        2270.5382906350696        580.58847852794349        580.58847852794349        580.58847852794349        1002.9100998509891        263.55342307049261        16.677178018185700        274.76870300640769        16.677178018185700        14.615915645355955       0.72904000680990499     
   377.00000000000000        2269.0107521014206        581.08724093602132        581.08724093602132        581.08724093602132        996.75528153839764        262.10637619337564        16.625205846377014        272.44407291104085        16.625205846377014        14.778060013282081       0.72933000681533466     
   378.00000000000000        2267.4832135677716        581.58600334409914        581.58600334409914        581.58600334409914        990.54133248026403        260.67330929508034        16.566176263944527        270.13833858477932        16.566176263944527        14.940512222592030       0.72962000682076422     
   379.00000000000000        2265.9556750341226        582.08476575217696        582.08476575217696        582.08476575217696        984.32738342213042        259.29038014605959        16.500188216545837        267.85123510690357        16.500188216545837        15.163048665223574       0.72991000682619389     
   380.00000000000000        2264.4281365004740        582.21354338111246        582.21354338111246        582.21354338111246        978.11343436399693        257.90745099703884        16.505632837466607        265.66079578698429        16.505632837466607        15.385884507762189       0.73020000683162345     
   381.00000000000000        2262.9005979668250        582.31214992131072        582.31214992131072        582.31214992131072        971.89948530586332        256.52452184801808        16.505574743658954        263.48973334502296        16.505574743658954        15.648073015177658       0.73049000683705312     
   382.00000000000000        2261.3730594331760        582.41075646150898        582.41075646150898        582.41075646150898        965.68553624772971        255.14159269899733        16.498845288202375        261.33653305053394        16.498845288202375        15.910552755118026       0.73078000684248268     
   383.00000000000000        2259.8455208995274        582.50936300170736        582.50936300170736        582.50936300170736        959.47158718959611        253.75866354997657        16.485537030437015        259.20094708175770        16.485537030437015        16.258757767167797       0.73107000684791235     
   384.00000000000000        2258.3179823658784        582.60796954190573        582.60796954190573        582.60796954190573        953.25763813146250        252.37573440095585        16.465741008549799        257.08273168972568        16.465741008549799        16.607246108185585       0.73136000685334190     
   385.00000000000000        2256.7904438322294        582.70657608210399        582.70657608210399        582.70657608210399        948.69623911129804        250.99280525193507        16.439546768448011        254.98164712095337        16.439546768448011        17.028519381878244       0.73165000685877146     
   386.00000000000000        2255.2629052985803        582.80518262230225        582.80518262230225        582.80518262230225        944.55820663126644        249.60987610291431        16.407042392011604        252.89745754179663        16.407042392011604        17.450068334973583       0.73194000686420113     
   387.00000000000000        2253.7353667649318        582.83280030350443        582.83280030350443        582.83280030350443        940.42017415123485        248.36611258164609        16.368314524739070        250.82993096443141        16.368314524739070        18.003863714164382       0.73223000686963069     
   388.00000000000000        2252.2078282312827        582.82020883464895        582.82020883464895        582.82020883464895        936.28214167120314        247.14569500991121        16.349954541607985        248.80534531322388        16.349954541607985        18.557927367765235       0.73252000687506036     
   389.00000000000000        2250.6802896976337        582.80761736579348        582.80761736579348        582.80761736579348        932.14410919117154        245.92527743817638        16.341363643329537        246.81279342361887        16.341363643329537        19.406224809354732       0.73281000688048992     
   390.00000000000000        2249.1527511639852        582.79502589693800        582.79502589693800        582.79502589693800        928.00607671113994        244.70485986644152        16.326800840090343        244.83623093058890        16.326800840090343        20.254783355910934       0.73310000688591959     
   391.00000000000000        2247.6252126303361        582.78243442808252        582.78243442808252        582.78243442808252        923.86804423110846        243.48444229470664        16.306347296698249        242.87544052051140        16.306347296698249        21.246688721298938       0.73339000689134914     
   392.00000000000000        2246.0976740966871        582.76984295922693        582.76984295922693        582.76984295922693        919.73001175107674        242.26402472297181        16.280082871210865        240.93020837850469        16.280082871210865        22.238848249113033       0.73368000689677881     
   393.00000000000000        2244.5701355630381        582.75725149037146        582.75725149037146        582.75725149037146        915.59197927104515        241.04360715123698        16.248086139236008        239.00032412336498        16.248086139236008        23.235101963185148       0.73397000690220837     
   394.00000000000000        2243.0425970293895        582.74466200133293        582.74466200133293        582.74466200133293        911.45394679101344        239.82318957950210        16.210434417719796        237.08558074387528        16.210434417719796        24.231603115758251       0.73426000690763804     
   395.00000000000000        2241.5150584957405        582.73207539774955        582.73207539774955        582.73207539774955        907.31591431098195        238.60277200776724        16.167203788234808        235.18577453645293        16.167203788234808        25.108163873060136       0.73455000691306760     
   396.00000000000000        2239.9875199620915        582.71948879416607        582.71948879416607        582.71948879416607        903.17788183095013        237.38235443603241        16.142080457800319        233.32431638212611        16.142080457800319        25.984965555608888       0.73484000691849727     
   397.00000000000000        2238.4599814284429        582.70690219058258        582.70690219058258        582.70690219058258        899.03984935091876        236.16193686429753        16.176013028961727        231.54188393452327        16.176013028961727        26.754545244134185       0.73513000692392683     
   398.00000000000000        2236.9324428947939        582.69431558699910        582.69431558699910        582.69431558699910        894.90181687088693        234.94151929256270        16.204587750252323        229.77379678995811        16.204587750252323        27.524359547705501       0.73542000692935638     
   399.00000000000000        2235.4049043611449        582.68172898341572        582.68172898341572        582.68172898341572        890.34251428555444        233.72110172082785        16.227875985031559        228.01986387756415        16.227875985031559        28.334709279543066       0.73571000693478605     
   400.00000000000000        2233.8773658274959        582.66914237983224        582.66914237983224        582.66914237983224        885.71266377132292        232.50068414909296        16.245947970623448        226.27989714136334        16.245947970623448        29.145287511973237       0.73600000694021572     
