#Epidermis Absorption Van Gemert 1989 (Wan et al?) mm-1
242.43618052593172 98.18848728428249
248.70335977345684 93.40701034594915
257.10198277246553 103.07678272628586
265.4706074427625 101.20505546081739
272.67652700415323 91.60391487326157
277.5947842446936 81.6234002962575
280.98778271154 71.9316270682887
283.6231567210345 64.28251241699479
285.8763645220457 57.098758054895576
288.13207218378295 51.214014210241785
290.3877798455202 45.93576709681104
292.6451540810747 41.46980749301507
295.2769866212074 36.552310583779466
299.03208991421116 29.972763014934223
302.0472344323265 26.69849137075052
305.0648788111679 24.014580219269128
308.46368945420215 21.647666145391536
312.6209161771515 19.302714153613863
317.5391838337782 17.200324716012283
323.2205860574403 15.442126717914457
329.6643416416608 13.925423855568921
337.2502447679843 12.573830546465667
345.5985296623745 11.405272801703575
353.94954167755674 10.455781090986296
362.30373533366287 9.704849497878657
370.658951660066 9.043798995608256
379.0158724369642 8.483908073089747
387.3738158841593 7.990441580552746
395.7319865914203 7.532341493388767
404.0918617491765 7.147796481223091
413.21180819766164 6.7528210656067404
421.5711152052528 6.393908744618743
429.046721446212 6.158224905773225
438.2964333923819 5.883942835299799
446.659490191062 5.6531712301004085
454.7695939107274 5.448064500664195
463.3871946088841 5.250858196499625
471.75241037819114 5.08751531906098
480.42148421874026 4.917237997723016
488.7346460699306 4.740093175121815
495.93349500251793 4.607412426957727
505.6693275928601 4.471664805182546
513.8332477587097 4.361243374320313
522.7066170355874 4.236763124694552
531.0735372553894 4.13230700747376
539.4410256253565 4.039354427102235
547.2379491921281 3.9537872001204732
555.7010714386178 3.872118302251697
564.5433771052245 3.7711856204021594
572.9123426656205 3.707625435981325
581.2808537058845 3.638689590537344
589.6500465263465 3.5805302423018923
598.6128300136352 3.5444550017797534
606.3907047679305 3.4978079763577816
614.6769350387441 3.4636385522350683
623.1334083501084 3.4443250387269435
649.7761285573084 3.448442041010519
658.1514573995523 3.4753929159318546
666.5270135018623 3.5056559063731156
674.9020014540073 3.528366381080061
682.1344962393655 3.5418942942571743
691.6520909883302 3.575811781103971
700.024919969848 3.5688417883503796
708.3984307315641 3.571355826698692
716.772055123313 3.575453603460706
725.1472703355239 3.6018027905432555
733.5214628774378 3.613923372834188
741.8969053497149 3.64377974524091
750.2724614520247 3.675509012770578
758.6467676239716 3.689510059011814
767.0207329058196 3.6986506628822893
775.3945845576346 3.706173381673208
783.5153063726058 3.722507512329879
792.1435377916274 3.7394242253802545
800.5172758134095 3.7453719921603543
808.5115804290017 3.768498797267874
