#Scattering (Epidermis  Dermis  Estimated??; van Gemert et al  1989)
252.69541009277134  192.73934856784663
259.9181753065541  186.28394726399608
272.46328604347684  175.7923154082947
281.05246660782456  167.43072447615808
288.7310388137263  161.24413415909066
297.5482521282961  153.37680274311558
305.1497351946996  147.15371018080967
317.3129464380776  138.16806057129116
325.67418515622967  131.8123805619553
332.5162065660494  127.32919857081811
344.9322410255471  119.12924563933639
355.74177768581023  111.67676162804361
361.4011151665368  108.47810414035408
376.0975880528108  100.23628234076824
384.2039419813873  95.19903530483072
398.14344315172127  89.43082444500263
407.08819481532896  85.28953813605989
412.33390256271275  83.10772415186788
427.00483520523653  76.74367688026773
435.13941230889805  73.70039871268897
440.8423142817204  71.94582442334188
454.5721049133755  68.04537452796222
462.51417506535415  65.86442612399595
467.4570815008028  64.60169499765989
479.2435839336713  61.584584877831674
487.6083451828463  59.56328887423004
495.20970199365763  57.11848157434872
524.8810413470528  53.684234998534826
532.9629632403397  52.453760838855125
540.4753051240506  51.51742540299237
557.7455512850967  49.692187923553035
565.9622185122643  48.84401912721974
583.0833479810059  47.69053659676083
595.6386901554832  46.83412484935571
601.3455597102911  46.43110794935828
616.1881134731547  46.236829297520245
624.5608288246395  46.12628649347767
633.2342206064427  45.33853473170566
640.287452651742  45.22142146213259
649.6745433078074  45.01260509770675
658.0474859193585  44.94475217652976
666.4194058606124  44.69861411786407
671.3663461622325  44.535881769140126
688.4901080600721  43.93224910746897
696.8630506716229  43.866024736998845
704.8542304613077  43.60299106162961
719.6957558723726  43.24699099004869
728.0679030736926  43.048235798239226
736.0601168966778  42.9627778703425
749.378193092324  42.44213861584866
757.7518174840731  42.490836762376105
766.1240783154259  42.314278762914604
770.6914374918135  42.32883202079325
785.1504046707811  41.6652201106596
793.5231200222662  41.56560708935042
801.134741412725  41.48526943664703
