#Epidermis SCATTERING (van Gemert 1989: Wan et al)
282.00991326587257  198.7217012827608
285.00821050830973  165.7712739370895
288.3928909861929 141.43118884986512
290.26311417193557  124.4673939075624
292.1310160584327 108.5524647792417
294.37922413799197  94.56204091362775
296.63170281295817  83.7562822976752
300.01828497060785  71.98961724391091
306.4669597883403 66.17465831730877
314.4464811366395 62.85796102893176
323.1915251765009 60.71841315918254
331.55826390388904  59.179573069343284
344.49484115185703  58.259428285481306
352.865283902682  57.60799023675548
361.238908294431  57.67408969453947
369.6125326861799 57.74026499489842
379.0753983413937 58.21223716104956
386.3615995502058 58.28408387028854
393.5930716652671 58.274978384696915
422.1383563299829 58.23904956647173
430.5116398316328 58.228514648968655
438.8849233332828 58.217981637136944
447.2582068349327 58.2074505306318
455.2085972304387 58.197453061292684
460.19873588293717  58.19117893108087
473.140704244693  58.501934939219296
480.9385179133899 57.461519221032106
489.87730968176675  56.25534839828406
498.25002503325163  56.12085336372361
507.0791240492731 55.91184673829154
514.9942058058585 55.581593459491245
523.3648758167495 55.00876482472416
531.7357730877065 54.490047629686565
540.1064430985975 53.92846855918266
548.4764313292906 53.231144644291746
556.8471013401814 52.68253993514641
565.2148169702145 51.5430935570323
573.6689419275635 50.789036216168874
581.9546798015675 50.19653261437758
590.3246680322605 49.54746462539524
598.6188991199532 48.97617890483508
604.7829307050235 48.63704821045452
619.2436250604928 48.19766521069613
627.6154313717138 47.9125043315142
635.9854196024069 47.29297004868891
644.3583622139578 47.22167965876427
652.7293731149477 46.79709796907951
661.1014066862347 46.56141681875327
669.4742356677527 46.470659039068465
677.8466101291386 46.29804875004044
686.2196663707226 46.24872097457745
694.5928362423396 46.219895850896066
702.9619154327686 45.461012429617064
711.3347444142864 45.37239956445454
719.7068916156064 45.163876386960816
724.6533773970946 44.91986258924515
